heap profile: 0: 0 [0: 0] @ heap/1048576

# runtime.MemStats
# Alloc = 492280
# TotalAlloc = 664832
# Sys = 3739648
# Lookups = 14
# Mallocs = 5825
# Frees = 1042
# HeapAlloc = 492280
# HeapSys = 1769472
# HeapIdle = 712704
# HeapInuse = 1056768
# HeapReleased = 0
# HeapObjects = 4783
# Stack = 327680 / 327680
# MSpan = 17784 / 32768
# MCache = 4800 / 16384
# BuckHashSys = 2705
# GCSys = 301056
# OtherSys = 1289583
# NextGC = 4194304
# PauseNs = [456472 271606 0 0 0 0 0 0 0 0 0 0 0 0 0 0 0 0 0 0 0 0 0 0 0 0 0 0 0 0 0 0 0 0 0 0 0 0 0 0 0 0 0 0 0 0 0 0 0 0 0 0 0 0 0 0 0 0 0 0 0 0 0 0 0 0 0 0 0 0 0 0 0 0 0 0 0 0 0 0 0 0 0 0 0 0 0 0 0 0 0 0 0 0 0 0 0 0 0 0 0 0 0 0 0 0 0 0 0 0 0 0 0 0 0 0 0 0 0 0 0 0 0 0 0 0 0 0 0 0 0 0 0 0 0 0 0 0 0 0 0 0 0 0 0 0 0 0 0 0 0 0 0 0 0 0 0 0 0 0 0 0 0 0 0 0 0 0 0 0 0 0 0 0 0 0 0 0 0 0 0 0 0 0 0 0 0 0 0 0 0 0 0 0 0 0 0 0 0 0 0 0 0 0 0 0 0 0 0 0 0 0 0 0 0 0 0 0 0 0 0 0 0 0 0 0 0 0 0 0 0 0 0 0 0 0 0 0 0 0 0 0 0 0 0 0 0 0 0 0 0 0 0 0 0 0]
# NumGC = 2
# DebugGC = false
